1	H	12.00	0	8.22   0.04	44	Ru	1.75   0.08	1.76   0.03
2	He	10.93   0.01	1.29	0	45	Rh	0.91   0.10	1.06   0.04
3	Li	1.05   0.10	3.26   0.05	46	Pd	1.57   0.10	1.65   0.02
4	Be	1.38   0.09	1.30   0.03	47	Ag	0.94   0.10	1.20   0.02
5	B	2.70   0.20	2.79   0.04	48	Cd	 -19	0	1.71   0.03
6	C	8.43   0.05	7.39   0.04	49	In	0.80   0.20	0.76   0.03
7	N	7.83   0.05	6.26   0.06	50	Sn	2.04   0.10	2.07   0.06
8	O	8.69   0.05	8.40   0.04	51	Sb	 -19	0	1.01   0.06
9	F	4.56   0.30	4.42   0.06	52	Te	 -19	0	2.18   0.03
10	Ne	7.93   0.10	 -1.12	0	53	I	 -19	0	1.55   0.08
11	Na	6.24   0.04	6.27   0.02	54	Xe	2.24   0.06	 -1.95	0
12	Mg	7.60   0.04	7.53   0.01	55	Cs	 -19	0	1.08   0.02
13	Al	6.45   0.03	6.43   0.01	56	Ba	2.18   0.09	2.18   0.03
14	Si	7.51   0.03	7.51   0.01	57	La	1.10   0.04	1.17   0.02
15	P	5.41   0.03	5.43   0.04	58	Ce	1.58   0.04	1.58   0.02
16	S	7.12   0.03	7.15   0.02	59	Pr	0.72   0.04	0.76   0.03
17	Cl	5.50   0.30	5.23   0.06	60	Nd	1.42   0.04	1.45   0.02
18	Ar	6.40   0.13	 -0.50	0	62	Sm	0.96   0.04	0.94   0.02
19	K	5.03   0.09	5.08   0.02	63	Eu	0.52   0.04	0.51   0.02
20	Ca	6.34   0.04	6.29   0.02	64	Gd	1.07   0.04	1.05   0.02
21	Sc	3.15   0.04	3.05   0.02	65	Tb	0.30   0.10	0.32   0.03
22	Ti	4.95   0.05	4.91   0.03	66	Dy	1.10   0.04	1.13   0.02
23	V	3.93   0.08	3.96   0.02	67	Ho	0.48   0.11	0.47   0.03
24	Cr	5.64   0.04	5.64   0.01	68	Er	0.92   0.05	0.92   0.02
25	Mn	5.43   0.04	5.48   0.01	69	Tm	0.10   0.04	0.12   0.03
26	Fe	7.50   0.04	7.45   0.01	70	Yb	0.84   0.11	0.92   0.02
27	Co	4.99   0.07	4.87   0.01	71	Lu	0.10   0.09	0.09   0.02
28	Ni	6.22   0.04	6.20   0.01	72	Hf	0.85   0.04	0.71   0.02
29	Cu	4.19   0.04	4.25   0.04	73	Ta	-19	 0	 -0.12   0.04
30	Zn	4.56   0.05	4.63   0.04	74	W	0.85   0.12	0.65   0.04
31	Ga	3.04   0.09	3.08   0.02	75	Re	 -19	0	0.26   0.04
32	Ge	3.65   0.10	3.58   0.04	76	Os	1.40   0.08	1.35   0.03
33	As	 -19	0	2.30   0.04	77	Ir	1.38   0.07	1.32   0.02
34	Se	 -19	0	3.34   0.03	78	Pt	 -19	0	1.62   0.03
35	Br	 -19	0	2.54   0.06	79	Au	0.92   0.10	0.80   0.04
36	Kr	3.25   0.06	 -2.27	0	80	Hg	 -19	0	1.17   0.08
37	Rb	2.52   0.10	2.36   0.03	81	Tl	0.90   0.20	0.77   0.03
38	Sr	2.87   0.07	2.88   0.03	82	Pb	1.75   0.10	2.04   0.03
39	Y	2.21   0.05	2.17   0.04	83	Bi	-19	 0	0.65   0.04
40	Zr	2.58   0.04	2.53   0.04	90	Th	0.02   0.10	0.06   0.03
41	Nb	1.46   0.04	1.41   0.04	92	U	-19 	0	 -0.54   0.03
42	Mo	1.88   0.08	1.94   0.04	93	Nu	-19	0	-20	0