	MNi ()	 (B)	Mremnant ()			
						
Progenitor	N20	W18	N20	W18	N20	W18
	K. P.	K. P.	K. P.	K. P.	P.	P.
12.25	0.055  0.089	0.063  0.086	1.44  1.44	1.36  1.36	1.56	1.56
12.5	0.059  0.092	0.059  0.088	1.44  1.44	1.35  1.35	1.58	1.58
12.75	0.062  0.087	0.060  0.082	1.29  1.29	1.20  1.20	1.63	1.64
13	0.070  0.094	0.065  0.083	1.32  1.32	1.18  1.18	1.66	1.68
13.1	0.061  0.086	0.058  0.080	1.22  1.22	1.11  1.11	1.59	1.6
13.2	0.061  0.088	0.058  0.082	1.26  1.26	1.14  1.14	1.59	1.6
13.3	0.061  0.086	0.059  0.081	1.22  1.22	1.12  1.12	1.6	1.61
13.4	0.063  0.086	0.061  0.081	1.21  1.21	1.12  1.12	1.61	1.62
13.5	0.064  0.093	0.062  0.087	1.33  1.33	1.23  1.23	1.61	1.62
13.6	0.073  0.104	0.070  0.097	1.51  1.51	1.38  1.38	1.62	1.64
13.7	0.071  0.103	0.068  0.096	1.48  1.48	1.35  1.35	1.63	1.64
13.8	0.072  0.101	0.069  0.096	1.43  1.43	1.33  1.33	1.65	1.66
13.9	0.071  0.097	0.069  0.091	1.36  1.36	1.27  1.27	1.66	1.67
14	0.070  0.097	0.068  0.091	1.36  1.36	1.27  1.27	1.67	1.68
14.1	0.069  0.094	0.067  0.089	1.30  1.30	1.24  1.23	1.69	1.69
14.2	0.067  0.090	0.066  0.086	1.25  1.25	1.20  1.19	1.69	1.7
14.3	0.072  0.096	0.068  0.089	1.31  1.31	1.21  1.21	1.7	1.71
14.4	0.070  0.090	0.069  0.088	1.22  1.22	1.19  1.19	1.72	1.72
14.5	0.077  0.089	0.077  0.088	1.09  1.09	1.07  1.07	1.76	1.76
14.6	0.072  0.090	0.071  0.086	1.17  1.17	1.13  1.13	1.75	1.75
14.7	0.079  0.089	0.078  0.086	1.07  1.07	1.01  1.01	1.77	1.78
14.8	0.072  0.085	0.071  0.083	1.07  1.07	1.05  1.05	1.78	1.78
14.9	0.076  0.088	0.075  0.085	1.07  1.07	1.04  1.04	1.78	1.78
15.2	0.070  0.082	0.071  0.079	0.94  0.94	0.83  0.83	1.55	1.57
15.7	0.075  0.086	0.075  0.081	0.95  0.95	0.81  0.81	1.57	1.59
15.8	0.085  0.097	0.074  0.074	1.06  1.06	0.65  0.65	1.56	1.64
15.9	0.079  0.079	0	0.70  0.70	0	1.67	0	  0       0
16	0.094  0.110	0.075  0.079	1.26  1.26	0.78  0.78	1.54	1.62
16.1	0.075  0.084	0.078  0.087	0.89  0.89	0.97  0.97	1.59	1.59
16.2	0.095  0.111	0.076  0.081	1.23  1.23	0.79  0.79	1.55	1.62
16.3	0.097  0.113	0.078  0.083	1.23  1.23	0.80  0.80	1.55	1.62
16.4	0.093  0.110	0.075  0.079	1.24  1.24	0.76  0.76	1.55	1.63
16.5	0.093  0.110	0.075  0.078	1.23  1.23	0.75  0.75	1.55	1.63
16.6	0.097  0.112	0.078  0.082	1.22  1.22	0.78  0.78	1.56	1.63
16.7	0.096  0.111	0.077  0.081	1.23  1.22	0.78  0.78	1.55	1.62
16.8	0.096  0.112	0.078  0.082	1.22  1.22	0.77  0.77	1.57	1.64
16.9	0.095  0.111	0.077  0.080	1.22  1.22	0.75  0.75	1.57	1.64
17	0.093  0.110	0.075  0.078	1.21  1.21	0.73  0.73	1.57	1.65
17.1	0.095  0.111	0.077  0.079	1.21  1.21	0.74  0.74	1.58	1.66
17.3	0.089  0.097	0.078  0.076	0.98  0.98	0.65  0.65	1.61	1.67
17.4	0.088  0.097	0.077  0.075	0.98  0.98	0.64  0.64	1.6	1.67
17.5	0.086  0.096	0.075  0.074	0.99  0.99	0.63  0.63	1.59	1.66
17.6	0.088  0.097	0.077  0.075	0.98  0.98	0.63  0.63	1.6	1.67
17.7	0.085  0.090	0	0.80  0.80	0	1.63	0.        0       0 
17.9	0.079  0.101	0.077  0.097	1.36  1.35	1.27  1.27	1.77	1.78
18	0.081  0.070	0	0.51  0.51	0	1.72	0.        0.      0 
18.1	0.078  0.097	0.077  0.093	1.28  1.28	1.22  1.22	1.79	1.79
18.2	0.078  0.099	0.076  0.095	1.33  1.33	1.25  1.25	1.77	1.77
18.3	0.079  0.095	0.077  0.091	1.23  1.23	1.14  1.14	1.81	1.82
18.4	0.079  0.094	0.077  0.090	1.19  1.18	1.10  1.10	1.82	1.83
18.5	0.083  0.097	0.071  0.072	1.01  1.01	0.62  0.62	1.57	1.64
18.7	0.078  0.084	0	0.79  0.79	0	1.63	0	0	0
18.8	0.095  0.095	0	0.83  0.83	0	1.78	0	0	0
18.9	0.089  0.081	0	0.65  0.65	0	1.83	0	0	0
19	0.084  0.073	0	0.58  0.58	0	1.83	0	0	0
19.1	0.087  0.078	0	0.64  0.64	0	1.82	0	0	0
19.2	0.096  0.111	0.077  0.079	1.19  1.19	0.77  0.77	1.62	1.7
19.3	0.075  0.099	0.065  0.080	1.26  1.26	0.96  0.96	1.5	1.54
19.4	0.071  0.066	0	0.51  0.51	0	1.67	0	0	0
19.7	0.058  0.117	0.055  0.107	1.88  1.88	1.70  1.70	1.37	1.38
19.8	0.075  0.133	0.072  0.124	1.96  1.95	1.78  1.78	1.44	1.46
20.1	0.122  0.141	0.098  0.102	1.37  1.36	0.82  0.82	1.72	1.82
20.2	0.062  0.121	0.060  0.112	1.92  1.92	1.75  1.75	1.43	1.44
20.3	0.112  0.148	0.091  0.115	1.72  1.72	1.25  1.25	1.5	1.57
20.4	0.057  0.116	0.054  0.107	1.87  1.87	1.70  1.70	1.38	1.4
20.5	0.053  0.113	0.052  0.104	1.84  1.84	1.67  1.67	1.37	1.38
20.6	0.086  0.080	0	0.59    0.59	0	1.9	0	0	0
20.8	0.056  0.053	0.056  0.054	0.45  0.45	0.48  0.48	1.75	1.74
21	0.086  0.107	0.075  0.087	1.26  1.26	0.92  0.92	1.51	1.56
21.1	0.087  0.105	0.078  0.088	1.21  1.20	0.91  0.91	1.55	1.6
21.2	0.060  0.057	0.059  0.056	0.59  0.59	0.59  0.59	1.92	1.92
21.5	0.102  0.113	0.083  0.083	1.12  1.12	0.70  0.70	1.62	1.7
21.6	0.106  0.115	0.077  0.068	1.10  1.10	0.52  0.52	1.64	1.76
21.7	0.094  0.091	0	0.71  0.71	0	1.8	0	0	0
25.2	0.110  0.128	0.122  0.142	1.19  1.18	1.31  1.31	1.8	1.77
25.3	0.138  0.152	0	1.10  1.10	0	1.88	0	0	0
25.4	0.127  0.150	0.105  0.116	1.36  1.35	0.86  0.86	1.79	1.88
25.5	0.113  0.130	0.123  0.143	1.20  1.19	1.30  1.30	1.8	1.77
25.6	0.088  0.105	0.091  0.108	1.09  1.08	1.05  1.05	1.78	1.78
25.7	0.071  0.120	0.069  0.111	1.66  1.65	1.49  1.48	1.6	1.61
25.8	0.068  0.118	0.065  0.109	1.68  1.67	1.49  1.49	1.58	1.59
25.9	0.108  0.133	0.116  0.139	1.26  1.26	1.28  1.28	1.68	1.67
26	0.122  0.151	0.125  0.152	1.40  1.39	1.32  1.31	1.67	1.68
26.1	0.129  0.155	0.108  0.119	1.40  1.39	0.94  0.94	1.68	1.76
26.2	0.130  0.157	0.112  0.125	1.39  1.39	0.99  0.99	1.69	1.76
26.3	0.146  0.171	0.112  0.118	1.39  1.38	0.78  0.78	1.71	1.82
26.4	0.128  0.141	0.125  0.134	1.09  1.08	0.82  0.82	1.77	1.84
26.5	0.125  0.138	0.120  0.128	1.06  1.05	0.84  0.84	1.77	1.82
26.6	0.131  0.147	0	1.13  1.12	0	1.75	0	0	0
26.7	0.131  0.146	0	1.10  1.10	0	1.76	0	0	0
26.8	0.137  0.150	0	1.10  1.10	0	1.76	0	0	0
26.9	0.135  0.147	0	1.10  1.10	0	1.75	0	0	0	
27	0.129  0.141	0.089  0.092	1.09  1.08	0.59  0.59	1.72	1.85
27.1	0.134  0.144	0.101  0.102	1.08  1.08	0.61  0.61	1.73	1.86
27.2	0.127  0.143	0.006  0.000	1.08  1.08	0.57  0.56	1.73	3.19
27.3	0.133  0.146	0.006  0.000	1.09  1.09	0.41  0.41	1.73	6.24
27.4	0.003  0.000	0	0.53  0.53	0	4.96	0	0	0
29	0.005  0.000	0	0.52  0.52	0	4.14	0	0	0
29.1	0.004  0.000	0	0.51  0.51	0	4.43	0	0	0
29.2	0.001  0.000	0	0.36  0.36	0	6.94	0	0	0
29.6	0.001  0.000	0	0.35  0.35	0	7.3	0	0	0
60	0.079  0.095	0.065  0.066	0.92  0.92	0.65  0.65	1.7	1.8
80	0.078  0.079	0	0.54  0.54	0	1.91	0	0	0
100	0.074  0.079	0	0.62  0.62	0	2.03	0	0	0
120	0.079  0.092	0.048  0.066	1.04  1.01	0.67  0.67	1.7	1.76