#W7 Model Composition: X(C12) = 0.475, X(O16)=0.5, X(Ne22)=0.025
Z   A      [X_i/56Fe]     mass (Msun)
1   1. 1.16613076E-10 4.50157299E-08
1   2. 7.43746743E-15 9.49554204E-17

2   3. 9.06777343E-13 1.26297336E-14
2   4. 2.75246388E-06 2.87500570E-04

3   6. 6.68785228E-19 2.59139336E-25
3   7. 1.96938259E-16 1.11105589E-21

4   9. 8.47664737E-23 1.32825891E-29

5  10. 1.52759661E-16 3.98929311E-23
5  11. 1.42774794E-10 1.64049542E-16

6  12. 9.49888766E-03 1.83547862E-02
6  13. 7.79906621E-10 1.80921699E-11

7  14. 1.98491852E-09 9.31143520E-10
7  15. 7.10906361E-08 1.31488463E-10

8  16. 2.42243465E-02 1.03443677E-01
8  17. 1.04108665E-07 1.77147545E-10
8  18. 7.16958256E-10 7.02056673E-12

9  19. 2.02736911E-08 4.35882959E-12

10  20. 2.30960119E-03 1.54767336E-03
10  21. 3.16150600E-05 6.74215929E-08
10  22. 1.06554945E-02 9.59126278E-04

11  23. 3.23562965E-04 6.47762675E-06

12  24. 1.34364941E-02 3.90183108E-03
12  25. 4.44290420E-04 1.72474996E-05
12  26. 4.66960715E-04 2.07874073E-05

13  27. 1.26040889E-02 4.19650365E-04

14  28. 3.92991267E-01 1.47142460E-01
14  29. 3.74854274E-02 7.41198252E-04
14  30. 1.15370524E-01 1.55164680E-03

15  31. 1.29975331E-01 3.79935358E-04

16  32. 3.25006832E-01 7.16685475E-02
16  33. 2.04501897E-01 3.72012119E-04
16  34. 2.10550538E-01 2.19160519E-03
16  36. 7.45799155E-03 2.64871745E-07

17  35. 6.91137200E-02 1.25625387E-04
17  37. 3.64975909E-02 2.27225412E-05

18  36. 2.43729429E-01 1.13628301E-02
18  38. 9.45675826E-02 8.70781758E-04
18  40. 6.75807232E-05 7.84354679E-09

19  39. 3.49602204E-02 6.44464164E-05
19  40. 3.17021757E-02 8.82990489E-08
19  41. 5.71266480E-05 8.18881743E-09

20  40. 2.48913281E-01 8.75349925E-03
20  42. 1.10186876E-01 2.68562449E-05
20  43. 2.59965575E-03 1.47606540E-07
20  44. 1.03319750E-03 8.50911948E-07
20  46. 2.68050593E-04 3.68482438E-10
20  48. 2.47353717E-08 1.99764824E-12

21  45. 1.41616353E-02 2.86594158E-07

22  46. 1.00694742E-01 1.27681916E-05
22  47. 4.49524912E-03 5.36405293E-07
22  48. 1.25081906E-01 1.54611588E-04
22  49. 1.89287937E-01 1.77593422E-05
22  50. 1.00296223E-01 9.31172801E-06

23  50. 5.18996390E-02 2.29720411E-08
23  51. 4.63701594E-01 8.67919675E-05

24  50. 9.83880540E-01 3.90512653E-04
24  52. 9.05766476E-01 7.24274592E-03
24  53. 2.93389983E-02 2.72922110E-05
24  54. 5.58546040E-01 1.32144349E-04

25  55. 1.68734733E+00 1.25191031E-02

26  54. 2.90407281E+00 1.19164123E-01
26  56. 1.00000000E+00 6.70104158E-01
26  57. 1.15198040E+00 1.87657897E-02
26  58. 2.25939746E-01 5.64626415E-04

27  59. 1.77526212E-02 3.34276049E-05

28  58. 2.20826203E+00 6.02001000E-02
28  60. 2.95814974E-01 3.21863728E-03
28  61. 4.31940421E-02 2.17514759E-05
28  62. 2.31859248E-01 3.64744804E-04
28  64. 9.53212453E-04 4.56844018E-07

29  63. 4.69554262E-04 1.60067887E-07
29  65. 1.78561905E-04 2.81225058E-08

30  64. 2.73156678E-04 1.55492764E-07
30  66. 7.73529289E-04 2.59228725E-07
30  67. 3.31868186E-06 1.65073931E-10
30  68. 1.87208281E-06 4.32177741E-10
30  70. 4.56360338E-09 3.61937404E-14
