#WDD2 Model Composition: X(C12) = 0.475, X(O16)=0.5, X(Ne22)=0.025
Z   A      [X_i/56Fe]     mass (Msun)
1   1. 4.39711614E-11 1.65873852E-08
1   2. 3.01479174E-14 3.76136039E-16

2   3. 1.77128599E-14 2.41087761E-16
2   4. 4.13517863E-05 4.22089262E-03

3   6. 1.41398517E-12 5.35407526E-19
3   7. 3.23371871E-12 1.78279331E-17

4   9. 9.52848123E-23 1.45906705E-29

5  10. 3.53805244E-14 9.02910019E-21
5  11. 9.43572111E-11 1.05947698E-16

6  12. 1.32063993E-02 2.49375595E-02
6  13. 9.10487290E-06 2.06402467E-07

7  14. 7.54410243E-08 3.45839397E-08
7  15. 2.33241206E-07 4.21573666E-10

8  16. 2.46637351E-02 1.02920923E-01
8  17. 3.39480532E-06 5.64489776E-09
8  18. 1.61168932E-08 1.54224217E-10

9  19. 3.77848341E-07 7.93866601E-11

10  20. 4.57521004E-03 2.99603095E-03
10  21. 5.71699000E-04 1.19142135E-06
10  22. 1.44786566E-02 1.27357169E-03

11  23. 9.60906265E-04 1.87988414E-05

12  24. 2.38704660E-02 6.77386194E-03
12  25. 1.14997054E-03 4.36253433E-05
12  26. 1.17825728E-03 5.12569850E-05

13  27. 1.48943333E-02 4.84607535E-04

14  28. 6.23901162E-01 2.28277893E-01
14  29. 3.13108372E-02 6.05005811E-04
14  30. 7.70105577E-02 1.01214147E-03

15 31. 8.72164476E-02 2.49138084E-04

16  32. 6.05317622E-01 1.30440476E-01
16  33. 1.34662693E-01 2.39386684E-04
16  34. 2.43625718E-01 2.47811836E-03
16  36. 4.97873608E-03 1.72792862E-07

17  35. 5.94825251E-02 1.05656322E-04
17  37. 4.19398182E-02 2.55159763E-05

18  36. 5.49234018E-01 2.50223975E-02
18  38. 1.28477997E-01 1.15608226E-03
18  40. 3.51944824E-05 3.99169350E-09

19  39. 3.68682246E-02 6.64155514E-05
19  40. 1.47577818E-02 4.01680721E-08
19  41. 5.01707879E-05 7.02791200E-09

20  40. 7.19452749E-01 2.47245760E-02
20  42. 1.22962185E-01 2.92873403E-05
20  43. 3.07514123E-03 1.70627006E-07
20  44. 3.04762782E-03 2.45276618E-06
20  46. 1.06726921E-03 1.43372860E-09
20  48. 1.73193677E-05 1.36686479E-09

21  45. 1.14659849E-02 2.26755713E-07

22  46. 1.01777337E-01 1.26114966E-05
22  47. 1.04129085E-02 1.21423931E-06
22  48. 4.96606049E-01 5.99863591E-04
22  49. 4.68266846E-01 4.29329069E-05
22  50. 2.45777524E+00 2.22987652E-04

23  50. 2.70702205E-02 1.17090049E-08
23  51. 7.73287575E-01 1.41440872E-04

24  50. 1.03053232E+00 3.99712108E-04
24  52. 1.97932969E+00 1.54667153E-02
24  53. 1.40967384E-01 1.28145992E-04
24  54. 7.68238705E+00 1.77614635E-03

25  55. 1.04744272E+00 7.59437362E-03

26  54. 1.74239063E+00 6.98677079E-02
26  56. 1.00000000E+00 6.54840090E-01
26  57. 8.43517356E-01 1.34279195E-02
26  58. 1.92689638E+00 4.70565261E-03

27  59. 3.58556413E-02 6.59770990E-05

28  58. 1.12649301E+00 3.00101424E-02
28  60. 6.41670072E-01 6.82270531E-03
28  61. 4.79463512E-01 2.35946420E-04
28  62. 1.98899376E+00 3.05767314E-03
28  64. 3.64573727E-02 1.70748363E-05

29  63. 2.60261582E-03 8.67004671E-07
29  65. 6.71999131E-03 1.03425317E-06

30  64. 3.53874062E-02 1.96852094E-05
30  66. 9.55205167E-02 3.12821051E-05
30  67. 3.92036031E-04 1.90560026E-08
30  68. 7.16173125E-05 1.61565380E-08
30  70. 1.67282682E-06 1.29649100E-11
